7
32 32
76.080218568 671.673521189
1.583633263
2.270035958
0
0.200000000
0.010000000
res/enemy.png
32 32
962.159589019 -50.000000000
1.584020517
0.000000000
0
1.000000000
0.010000000
res/enemy.png
32 32
503.976687386 152.371175569
1.893055170
2.891326658
0
1.000000000
0.010000000
res/enemy.png
32 32
648.305559913 174.632397574
1.995155795
2.606206018
0
1.000000000
0.010000000
res/enemy.png
32 32
833.610390506 71.559441288
1.889981519
2.570969181
0
1.000000000
0.010000000
res/enemy.png
32 32
63.305299791 371.452177751
1.701474805
5.878379956
0
1.000000000
0.010000000
res/enemy.png
32 32
607.367941691 720.000000000
1.991094239
-3.141592654
0
1.000000000
0.010000000
res/enemy.png
