1256 0
0 0 0 1 0 1
26
14 632 2.726642975
93 559 2.770513607
36 340 2.979953117
223 545 2.715772627
371 554 2.633976584
296 378 2.843416095
260 197 3.052855605
483 539 2.569006133
404 382 2.778445644
361 206 2.987885154
668 596 2.360234943
567 473 2.569674454
496 330 2.779113964
754 526 2.346704813
664 417 2.556144323
594 288 2.765583833
867 479 2.240370259
775 392 2.449809769
703 288 2.659249279
845 340 2.422955592
874 249 2.555544127
951 200 2.573549376
1013 163 2.573549376
1076 126 2.573549376
1125 81 2.682913066
1207 43 2.682913066
1.000000000
